L1001_ligand.pdbt
 OpenBabel07182410473D

 32 35  0  0  0  0  0  0  0  0999 V2000
   -1.7430   36.8810   22.9730 C   0  0  0  0  0  0  0  0  0  0  0  0
   -2.8170   36.9060   22.0710 C   0  0  0  0  0  0  0  0  0  0  0  0
   -2.9710   35.6920   21.5340 N   0  0  0  0  0  0  0  0  0  0  0  0
   -2.0280   34.8980   22.0660 C   0  0  0  0  0  0  0  0  0  0  0  0
   -1.7520   33.5360   21.8440 C   0  0  0  0  0  3  0  0  0  0  0  0
   -0.7370   32.9040   22.4940 C   0  0  0  0  0  3  0  0  0  0  0  0
    0.0490   33.5900   23.3910 C   0  0  0  0  0  0  0  0  0  0  0  0
    1.0680   33.0030   24.0590 F   0  0  0  0  0  0  0  0  0  0  0  0
   -0.2350   34.9320   23.6000 C   0  0  0  0  0  3  0  0  0  0  0  0
   -1.2650   35.6050   22.9510 C   0  0  0  0  0  0  0  0  0  0  0  0
   -3.6030   38.0990   21.8020 C   0  0  0  0  0  0  0  0  0  0  0  0
   -3.1990   38.9510   21.0000 O   0  0  0  0  0  0  0  0  0  0  0  0
   -4.8030   38.2760   22.4490 O   0  0  0  0  0  1  0  0  0  0  0  0
   -1.2940   38.0280   23.7400 C   0  0  0  0  0  2  0  0  0  0  0  0
    0.5270   38.9620   22.4090 C   0  0  0  0  0  0  0  0  0  0  0  0
   -0.2140   39.0390   21.3900 O   0  0  0  0  0  0  0  0  0  0  0  0
    0.0610   38.4430   23.6470 N   0  0  0  0  0  0  0  0  0  0  0  0
    1.0000   38.4000   24.7620 C   0  0  0  0  0  1  0  0  0  0  0  0
    1.8270   39.4010   22.3020 O   0  0  0  0  0  0  0  0  0  0  0  0
    3.7810   40.4000   21.3960 C   0  0  0  0  0  1  0  0  0  0  0  0
    2.2710   40.3930   21.4010 C   0  0  0  0  0  2  0  0  0  0  0  0
   -3.9370   35.2580   20.5700 C   0  0  0  0  0  2  0  0  0  0  0  0
   -3.3240   34.7860   19.3070 C   0  0  0  0  0  0  0  0  0  0  0  0
   -2.1400   35.2750   18.7940 C   0  0  0  0  0  3  0  0  0  0  0  0
   -1.6000   34.8000   17.6010 C   0  0  0  0  0  3  0  0  0  0  0  0
   -2.2990   33.8040   16.9310 C   0  0  0  0  0  3  0  0  0  0  0  0
   -3.4880   33.2870   17.4070 C   0  0  0  0  0  0  0  0  0  0  0  0
   -4.1660   32.3010   16.7300 C   0  0  0  0  0  3  0  0  0  0  0  0
   -5.3440   31.8120   17.2350 C   0  0  0  0  0  3  0  0  0  0  0  0
   -5.8860   32.2720   18.4110 C   0  0  0  0  0  3  0  0  0  0  0  0
   -5.1790   33.2670   19.0730 C   0  0  0  0  0  3  0  0  0  0  0  0
   -3.9910   33.7970   18.6140 C   0  0  0  0  0  0  0  0  0  0  0  0
  1 14  1  0  0  0  0
  2  1  2  0  0  0  0
  3  4  1  0  0  0  0
  3  2  1  0  0  0  0
  4 10  1  0  0  0  0
  5  4  2  0  0  0  0
  5  6  1  0  0  0  0
  6  7  2  0  0  0  0
  7  9  1  0  0  0  0
  7  8  1  0  0  0  0
 10  1  1  0  0  0  0
 10  9  2  0  0  0  0
 11  2  1  0  0  0  0
 11 13  1  0  0  0  0
 12 11  2  0  0  0  0
 15 17  1  0  0  0  0
 16 15  2  0  0  0  0
 17 14  1  0  0  0  0
 17 18  1  0  0  0  0
 19 15  1  0  0  0  0
 20 21  1  0  0  0  0
 21 19  1  0  0  0  0
 22  3  1  0  0  0  0
 23 22  1  0  0  0  0
 24 23  1  0  0  0  0
 25 24  2  0  0  0  0
 26 27  2  0  0  0  0
 26 25  1  0  0  0  0
 27 32  1  0  0  0  0
 28 29  2  0  0  0  0
 28 27  1  0  0  0  0
 29 30  1  0  0  0  0
 30 31  2  0  0  0  0
 32 31  1  0  0  0  0
 32 23  2  0  0  0  0
M  END
>  <MODEL>
       1

>  <REMARK>
 921   NORMALIZED FREE ENERGY :  -8.689 KCAL/MOL
 922        TOTAL FREE ENERGY : -11.183 KCAL/MOL
 923 INTER-LIGAND FREE ENERGY : -10.439 KCAL/MOL
 924 INTRA-LIGAND FREE ENERGY :  -0.745 KCAL/MOL

>  <TORSDO>
F 7

$$$$
L1001_ligand.pdbt
 OpenBabel07182410473D

 32 35  0  0  0  0  0  0  0  0999 V2000
   -1.2850   36.8450   23.2340 C   0  0  0  0  0  0  0  0  0  0  0  0
   -2.4260   36.9740   22.4280 C   0  0  0  0  0  0  0  0  0  0  0  0
   -2.7180   35.7890   21.8850 N   0  0  0  0  0  0  0  0  0  0  0  0
   -1.7980   34.9130   22.3190 C   0  0  0  0  0  0  0  0  0  0  0  0
   -1.6480   33.5390   22.0500 C   0  0  0  0  0  3  0  0  0  0  0  0
   -0.6330   32.8160   22.5990 C   0  0  0  0  0  3  0  0  0  0  0  0
    0.2760   33.4200   23.4370 C   0  0  0  0  0  0  0  0  0  0  0  0
    1.2990   32.7410   24.0040 F   0  0  0  0  0  0  0  0  0  0  0  0
    0.1150   34.7730   23.6930 C   0  0  0  0  0  3  0  0  0  0  0  0
   -0.9100   35.5380   23.1480 C   0  0  0  0  0  0  0  0  0  0  0  0
   -3.1380   38.2290   22.2490 C   0  0  0  0  0  0  0  0  0  0  0  0
   -3.6890   38.7810   23.2090 O   0  0  0  0  0  1  0  0  0  0  0  0
   -3.1940   38.8000   21.0000 O   0  0  0  0  0  0  0  0  0  0  0  0
   -0.6860   37.9360   23.9800 C   0  0  0  0  0  2  0  0  0  0  0  0
    1.3320   39.3110   24.0010 C   0  0  0  0  0  0  0  0  0  0  0  0
    1.5960   38.9630   25.1850 O   0  0  0  0  0  0  0  0  0  0  0  0
    0.1770   38.8460   23.3140 N   0  0  0  0  0  0  0  0  0  0  0  0
   -0.0330   39.3100   21.9470 C   0  0  0  0  0  1  0  0  0  0  0  0
    2.2010   40.1680   23.3650 O   0  0  0  0  0  0  0  0  0  0  0  0
    3.6090   40.4000   21.4680 C   0  0  0  0  0  1  0  0  0  0  0  0
    3.4600   39.8000   22.8460 C   0  0  0  0  0  2  0  0  0  0  0  0
   -3.7930   35.4520   20.9990 C   0  0  0  0  0  2  0  0  0  0  0  0
   -3.3270   34.9780   19.6770 C   0  0  0  0  0  0  0  0  0  0  0  0
   -2.2000   35.4530   19.0390 C   0  0  0  0  0  3  0  0  0  0  0  0
   -1.7990   34.9760   17.7930 C   0  0  0  0  0  3  0  0  0  0  0  0
   -2.5800   33.9920   17.2000 C   0  0  0  0  0  3  0  0  0  0  0  0
   -3.7170   33.4880   17.8010 C   0  0  0  0  0  0  0  0  0  0  0  0
   -4.4780   32.5140   17.2000 C   0  0  0  0  0  3  0  0  0  0  0  0
   -5.6000   32.0380   17.8280 C   0  0  0  0  0  3  0  0  0  0  0  0
   -6.0050   32.5000   19.0580 C   0  0  0  0  0  3  0  0  0  0  0  0
   -5.2170   33.4830   19.6420 C   0  0  0  0  0  3  0  0  0  0  0  0
   -4.0790   34.0000   19.0570 C   0  0  0  0  0  0  0  0  0  0  0  0
  1 14  1  0  0  0  0
  2  1  2  0  0  0  0
  3  4  1  0  0  0  0
  3  2  1  0  0  0  0
  4 10  1  0  0  0  0
  5  4  2  0  0  0  0
  5  6  1  0  0  0  0
  6  7  2  0  0  0  0
  7  9  1  0  0  0  0
  7  8  1  0  0  0  0
 10  1  1  0  0  0  0
 10  9  2  0  0  0  0
 11  2  1  0  0  0  0
 11 12  1  0  0  0  0
 13 11  2  0  0  0  0
 15 16  2  0  0  0  0
 17 14  1  0  0  0  0
 17 15  1  0  0  0  0
 18 17  1  0  0  0  0
 19 15  1  0  0  0  0
 20 21  1  0  0  0  0
 21 19  1  0  0  0  0
 22  3  1  0  0  0  0
 23 22  1  0  0  0  0
 24 23  2  0  0  0  0
 25 24  1  0  0  0  0
 26 25  2  0  0  0  0
 26 27  1  0  0  0  0
 27 32  1  0  0  0  0
 28 27  2  0  0  0  0
 28 29  1  0  0  0  0
 29 30  2  0  0  0  0
 30 31  1  0  0  0  0
 32 31  2  0  0  0  0
 32 23  1  0  0  0  0
M  END
>  <MODEL>
       2

>  <REMARK>
 921   NORMALIZED FREE ENERGY :  -8.544 KCAL/MOL
 922        TOTAL FREE ENERGY : -10.997 KCAL/MOL
 923 INTER-LIGAND FREE ENERGY : -10.320 KCAL/MOL
 924 INTRA-LIGAND FREE ENERGY :  -0.676 KCAL/MOL

>  <TORSDO>
F 7

$$$$
L1001_ligand.pdbt
 OpenBabel07182410473D

 32 35  0  0  0  0  0  0  0  0999 V2000
   -1.6040   36.9570   22.9980 C   0  0  0  0  0  0  0  0  0  0  0  0
   -2.2720   37.1840   21.7850 C   0  0  0  0  0  0  0  0  0  0  0  0
   -2.3170   36.0470   21.0860 N   0  0  0  0  0  0  0  0  0  0  0  0
   -1.6990   35.1050   21.8170 C   0  0  0  0  0  0  0  0  0  0  0  0
   -1.4720   33.7420   21.5440 C   0  0  0  0  0  3  0  0  0  0  0  0
   -0.8160   32.9420   22.4280 C   0  0  0  0  0  3  0  0  0  0  0  0
   -0.3580   33.4540   23.6210 C   0  0  0  0  0  0  0  0  0  0  0  0
    0.2980   32.6960   24.5290 F   0  0  0  0  0  0  0  0  0  0  0  0
   -0.5880   34.7970   23.8760 C   0  0  0  0  0  3  0  0  0  0  0  0
   -1.2550   35.6400   22.9920 C   0  0  0  0  0  0  0  0  0  0  0  0
   -2.8070   38.4810   21.4020 C   0  0  0  0  0  0  0  0  0  0  0  0
   -2.2000   39.2000   20.5990 O   0  0  0  0  0  0  0  0  0  0  0  0
   -3.9980   38.9040   21.9420 O   0  0  0  0  0  1  0  0  0  0  0  0
   -1.3740   37.9740   24.0060 C   0  0  0  0  0  2  0  0  0  0  0  0
    0.7030   39.1710   23.5400 C   0  0  0  0  0  0  0  0  0  0  0  0
    0.2300   39.6400   22.4680 O   0  0  0  0  0  0  0  0  0  0  0  0
   -0.0420   38.2990   24.3790 N   0  0  0  0  0  0  0  0  0  0  0  0
    0.6000   37.8140   25.5960 C   0  0  0  0  0  1  0  0  0  0  0  0
    1.9840   39.5260   23.8960 O   0  0  0  0  0  0  0  0  0  0  0  0
    4.3270   39.8000   23.6290 C   0  0  0  0  0  1  0  0  0  0  0  0
    2.9680   39.9960   23.0000 C   0  0  0  0  0  2  0  0  0  0  0  0
   -2.8990   35.8110   19.7980 C   0  0  0  0  0  2  0  0  0  0  0  0
   -3.9990   34.8210   19.8310 C   0  0  0  0  0  0  0  0  0  0  0  0
   -4.9110   34.7140   20.8610 C   0  0  0  0  0  3  0  0  0  0  0  0
   -5.9320   33.7660   20.8480 C   0  0  0  0  0  3  0  0  0  0  0  0
   -6.0050   32.9160   19.7520 C   0  0  0  0  0  3  0  0  0  0  0  0
   -5.1140   32.9870   18.7010 C   0  0  0  0  0  0  0  0  0  0  0  0
   -5.2020   32.1380   17.6230 C   0  0  0  0  0  3  0  0  0  0  0  0
   -4.2980   32.2380   16.5970 C   0  0  0  0  0  3  0  0  0  0  0  0
   -3.2880   33.1700   16.5970 C   0  0  0  0  0  3  0  0  0  0  0  0
   -3.2220   34.0140   17.6980 C   0  0  0  0  0  3  0  0  0  0  0  0
   -4.1030   33.9590   18.7580 C   0  0  0  0  0  0  0  0  0  0  0  0
  1 14  1  0  0  0  0
  2  1  2  0  0  0  0
  3  2  1  0  0  0  0
  3  4  1  0  0  0  0
  4 10  1  0  0  0  0
  5  4  2  0  0  0  0
  5  6  1  0  0  0  0
  6  7  2  0  0  0  0
  7  9  1  0  0  0  0
  7  8  1  0  0  0  0
 10  1  1  0  0  0  0
 10  9  2  0  0  0  0
 11  2  1  0  0  0  0
 11 13  1  0  0  0  0
 12 11  2  0  0  0  0
 14 17  1  0  0  0  0
 15 19  1  0  0  0  0
 15 17  1  0  0  0  0
 16 15  2  0  0  0  0
 17 18  1  0  0  0  0
 21 20  1  0  0  0  0
 21 19  1  0  0  0  0
 22 23  1  0  0  0  0
 22  3  1  0  0  0  0
 23 24  1  0  0  0  0
 25 24  2  0  0  0  0
 26 25  1  0  0  0  0
 27 32  1  0  0  0  0
 27 26  2  0  0  0  0
 28 27  1  0  0  0  0
 29 28  2  0  0  0  0
 30 29  1  0  0  0  0
 30 31  2  0  0  0  0
 31 32  1  0  0  0  0
 32 23  2  0  0  0  0
M  END
>  <MODEL>
       3

>  <REMARK>
 921   NORMALIZED FREE ENERGY :  -8.432 KCAL/MOL
 922        TOTAL FREE ENERGY : -10.852 KCAL/MOL
 923 INTER-LIGAND FREE ENERGY : -10.007 KCAL/MOL
 924 INTRA-LIGAND FREE ENERGY :  -0.846 KCAL/MOL

>  <TORSDO>
F 7

$$$$
L1001_ligand.pdbt
 OpenBabel07182410473D

 32 35  0  0  0  0  0  0  0  0999 V2000
   -1.2880   36.2660   23.7100 C   0  0  0  0  0  0  0  0  0  0  0  0
   -1.0810   35.2230   24.6260 C   0  0  0  0  0  0  0  0  0  0  0  0
   -1.2980   34.0530   24.0180 N   0  0  0  0  0  0  0  0  0  0  0  0
   -1.6370   34.3210   22.7470 C   0  0  0  0  0  0  0  0  0  0  0  0
   -1.9660   33.4520   21.6890 C   0  0  0  0  0  3  0  0  0  0  0  0
   -2.2840   33.9280   20.4540 C   0  0  0  0  0  3  0  0  0  0  0  0
   -2.2910   35.2820   20.2120 C   0  0  0  0  0  0  0  0  0  0  0  0
   -2.6010   35.7990   19.0010 F   0  0  0  0  0  0  0  0  0  0  0  0
   -1.9660   36.1260   21.2630 C   0  0  0  0  0  3  0  0  0  0  0  0
   -1.6370   35.6700   22.5350 C   0  0  0  0  0  0  0  0  0  0  0  0
   -0.6930   35.4440   26.0100 C   0  0  0  0  0  0  0  0  0  0  0  0
    0.4420   35.1420   26.4000 O   0  0  0  0  0  0  0  0  0  0  0  0
   -1.6000   35.9910   26.8850 O   0  0  0  0  0  1  0  0  0  0  0  0
   -1.1370   37.6730   24.0280 C   0  0  0  0  0  2  0  0  0  0  0  0
    0.4870   38.8540   22.6380 C   0  0  0  0  0  0  0  0  0  0  0  0
   -0.2840   38.8040   21.6390 O   0  0  0  0  0  0  0  0  0  0  0  0
    0.1370   38.2870   23.8940 N   0  0  0  0  0  0  0  0  0  0  0  0
    1.1010   38.4010   24.9830 C   0  0  0  0  0  1  0  0  0  0  0  0
    1.7020   39.4830   22.4910 O   0  0  0  0  0  0  0  0  0  0  0  0
    3.5990   40.4000   21.3990 C   0  0  0  0  0  1  0  0  0  0  0  0
    2.1030   40.2030   21.3460 C   0  0  0  0  0  2  0  0  0  0  0  0
   -1.2050   32.7320   24.5640 C   0  0  0  0  0  2  0  0  0  0  0  0
    0.0470   32.0370   24.1890 C   0  0  0  0  0  0  0  0  0  0  0  0
    1.3020   32.6000   24.2900 C   0  0  0  0  0  3  0  0  0  0  0  0
    2.4550   31.9060   23.9260 C   0  0  0  0  0  3  0  0  0  0  0  0
    2.3010   30.6110   23.4480 C   0  0  0  0  0  3  0  0  0  0  0  0
    1.0640   30.0090   23.3300 C   0  0  0  0  0  0  0  0  0  0  0  0
    0.9300   28.7260   22.8560 C   0  0  0  0  0  3  0  0  0  0  0  0
   -0.3150   28.1610   22.7520 C   0  0  0  0  0  3  0  0  0  0  0  0
   -1.4590   28.8340   23.1100 C   0  0  0  0  0  3  0  0  0  0  0  0
   -1.2940   30.1280   23.5850 C   0  0  0  0  0  3  0  0  0  0  0  0
   -0.0670   30.7480   23.7110 C   0  0  0  0  0  0  0  0  0  0  0  0
  1 14  1  0  0  0  0
  1  2  2  0  0  0  0
  2 11  1  0  0  0  0
  3 22  1  0  0  0  0
  3  2  1  0  0  0  0
  4  3  1  0  0  0  0
  5  4  2  0  0  0  0
  6  5  1  0  0  0  0
  7  6  2  0  0  0  0
  7  9  1  0  0  0  0
  8  7  1  0  0  0  0
  9 10  2  0  0  0  0
 10  4  1  0  0  0  0
 10  1  1  0  0  0  0
 11 12  2  0  0  0  0
 11 13  1  0  0  0  0
 15 17  1  0  0  0  0
 16 15  2  0  0  0  0
 17 14  1  0  0  0  0
 17 18  1  0  0  0  0
 19 15  1  0  0  0  0
 21 20  1  0  0  0  0
 21 19  1  0  0  0  0
 23 24  1  0  0  0  0
 23 22  1  0  0  0  0
 25 24  2  0  0  0  0
 26 25  1  0  0  0  0
 27 26  2  0  0  0  0
 27 32  1  0  0  0  0
 28 27  1  0  0  0  0
 29 28  2  0  0  0  0
 29 30  1  0  0  0  0
 30 31  2  0  0  0  0
 31 32  1  0  0  0  0
 32 23  2  0  0  0  0
M  END
>  <MODEL>
       4

>  <REMARK>
 921   NORMALIZED FREE ENERGY :  -8.250 KCAL/MOL
 922        TOTAL FREE ENERGY : -10.618 KCAL/MOL
 923 INTER-LIGAND FREE ENERGY :  -9.406 KCAL/MOL
 924 INTRA-LIGAND FREE ENERGY :  -1.212 KCAL/MOL

>  <TORSDO>
F 7

$$$$
L1001_ligand.pdbt
 OpenBabel07182410473D

 32 35  0  0  0  0  0  0  0  0999 V2000
   -4.1330   39.8350   24.0150 C   0  0  0  0  0  0  0  0  0  0  0  0
   -3.1580   39.7680   23.0080 C   0  0  0  0  0  0  0  0  0  0  0  0
   -2.2390   38.8580   23.3440 N   0  0  0  0  0  0  0  0  0  0  0  0
   -2.5990   38.3470   24.5320 C   0  0  0  0  0  0  0  0  0  0  0  0
   -1.9810   37.3620   25.3260 C   0  0  0  0  0  3  0  0  0  0  0  0
   -2.5140   36.9760   26.5180 C   0  0  0  0  0  3  0  0  0  0  0  0
   -3.6790   37.5470   26.9760 C   0  0  0  0  0  0  0  0  0  0  0  0
   -4.2430   37.1940   28.1530 F   0  0  0  0  0  0  0  0  0  0  0  0
   -4.2760   38.5160   26.1840 C   0  0  0  0  0  3  0  0  0  0  0  0
   -3.7570   38.9310   24.9620 C   0  0  0  0  0  0  0  0  0  0  0  0
   -3.1960   40.5870   21.8080 C   0  0  0  0  0  0  0  0  0  0  0  0
   -3.8000   40.2000   20.8000 O   0  0  0  0  0  0  0  0  0  0  0  0
   -2.5510   41.8010   21.8000 O   0  0  0  0  0  1  0  0  0  0  0  0
   -5.2840   40.7180   23.9790 C   0  0  0  0  0  2  0  0  0  0  0  0
   -5.5320   43.1340   23.7210 C   0  0  0  0  0  0  0  0  0  0  0  0
   -5.9020   43.0000   22.5220 O   0  0  0  0  0  0  0  0  0  0  0  0
   -5.1810   42.0210   24.5340 N   0  0  0  0  0  0  0  0  0  0  0  0
   -4.7680   42.2880   25.9070 C   0  0  0  0  0  1  0  0  0  0  0  0
   -5.4720   44.4040   24.2450 O   0  0  0  0  0  0  0  0  0  0  0  0
   -3.8820   45.9980   25.0000 C   0  0  0  0  0  1  0  0  0  0  0  0
   -4.5960   45.4180   23.8020 C   0  0  0  0  0  2  0  0  0  0  0  0
   -1.0700   38.4590   22.6190 C   0  0  0  0  0  2  0  0  0  0  0  0
    0.1870   38.7330   23.3500 C   0  0  0  0  0  0  0  0  0  0  0  0
    0.3980   38.4030   24.6730 C   0  0  0  0  0  3  0  0  0  0  0  0
    1.6010   38.6810   25.3210 C   0  0  0  0  0  3  0  0  0  0  0  0
    2.5960   39.3110   24.5850 C   0  0  0  0  0  3  0  0  0  0  0  0
    2.4270   39.6600   23.2600 C   0  0  0  0  0  0  0  0  0  0  0  0
    3.4240   40.2830   22.5470 C   0  0  0  0  0  3  0  0  0  0  0  0
    3.2200   40.6140   21.2320 C   0  0  0  0  0  3  0  0  0  0  0  0
    2.0390   40.3450   20.5820 C   0  0  0  0  0  3  0  0  0  0  0  0
    1.0510   39.7150   21.3260 C   0  0  0  0  0  3  0  0  0  0  0  0
    1.1990   39.3590   22.6510 C   0  0  0  0  0  0  0  0  0  0  0  0
  1 10  1  0  0  0  0
  2  3  1  0  0  0  0
  2  1  2  0  0  0  0
  3  4  1  0  0  0  0
  4 10  2  0  0  0  0
  4  5  1  0  0  0  0
  5  6  2  0  0  0  0
  6  7  1  0  0  0  0
  7  8  1  0  0  0  0
  9  7  2  0  0  0  0
 10  9  1  0  0  0  0
 11  2  1  0  0  0  0
 12 11  2  0  0  0  0
 13 11  1  0  0  0  0
 14  1  1  0  0  0  0
 14 17  1  0  0  0  0
 15 19  1  0  0  0  0
 15 17  1  0  0  0  0
 16 15  2  0  0  0  0
 17 18  1  0  0  0  0
 21 19  1  0  0  0  0
 21 20  1  0  0  0  0
 22  3  1  0  0  0  0
 22 23  1  0  0  0  0
 23 24  1  0  0  0  0
 24 25  2  0  0  0  0
 26 25  1  0  0  0  0
 27 26  2  0  0  0  0
 28 27  1  0  0  0  0
 29 28  2  0  0  0  0
 30 29  1  0  0  0  0
 30 31  2  0  0  0  0
 31 32  1  0  0  0  0
 32 27  1  0  0  0  0
 32 23  2  0  0  0  0
M  END
>  <MODEL>
       5

>  <REMARK>
 921   NORMALIZED FREE ENERGY :  -7.951 KCAL/MOL
 922        TOTAL FREE ENERGY : -10.233 KCAL/MOL
 923 INTER-LIGAND FREE ENERGY : -10.005 KCAL/MOL
 924 INTRA-LIGAND FREE ENERGY :  -0.228 KCAL/MOL

>  <TORSDO>
F 7

$$$$
